2025/07/12-17:19:52.279805 7f84fb105a00 RocksDB version: 5.14.2
2025/07/12-17:19:52.280104 7f84fb105a00 Git sha rocksdb_build_git_sha:63db552e71102bf9d645bbc252129d31ea78c0a0
2025/07/12-17:19:52.280108 7f84fb105a00 Compile date Apr 14 2025
2025/07/12-17:19:52.280110 7f84fb105a00 DB SUMMARY
2025/07/12-17:19:52.280135 7f84fb105a00 SST files in /opt/apache-doris/be/storage/stream_load dir, Total Num: 0, files: 
2025/07/12-17:19:52.280136 7f84fb105a00 Write Ahead Log file in /opt/apache-doris/be/storage/stream_load: 
2025/07/12-17:19:52.280138 7f84fb105a00                         Options.error_if_exists: 0
2025/07/12-17:19:52.280139 7f84fb105a00                       Options.create_if_missing: 1
2025/07/12-17:19:52.280140 7f84fb105a00                         Options.paranoid_checks: 1
2025/07/12-17:19:52.280141 7f84fb105a00                                     Options.env: 0x558f0c8b4e20
2025/07/12-17:19:52.280142 7f84fb105a00                                Options.info_log: 0x7f848b46bfb0
2025/07/12-17:19:52.280143 7f84fb105a00                Options.max_file_opening_threads: 16
2025/07/12-17:19:52.280143 7f84fb105a00                              Options.statistics: (nil)
2025/07/12-17:19:52.280144 7f84fb105a00                               Options.use_fsync: 0
2025/07/12-17:19:52.280145 7f84fb105a00                       Options.max_log_file_size: 0
2025/07/12-17:19:52.280146 7f84fb105a00                  Options.max_manifest_file_size: 18446744073709551615
2025/07/12-17:19:52.280147 7f84fb105a00                   Options.log_file_time_to_roll: 0
2025/07/12-17:19:52.280148 7f84fb105a00                       Options.keep_log_file_num: 1000
2025/07/12-17:19:52.280149 7f84fb105a00                    Options.recycle_log_file_num: 0
2025/07/12-17:19:52.280149 7f84fb105a00                         Options.allow_fallocate: 1
2025/07/12-17:19:52.280150 7f84fb105a00                        Options.allow_mmap_reads: 0
2025/07/12-17:19:52.280151 7f84fb105a00                       Options.allow_mmap_writes: 0
2025/07/12-17:19:52.280152 7f84fb105a00                        Options.use_direct_reads: 0
2025/07/12-17:19:52.280152 7f84fb105a00                        Options.use_direct_io_for_flush_and_compaction: 0
2025/07/12-17:19:52.280153 7f84fb105a00          Options.create_missing_column_families: 1
2025/07/12-17:19:52.280154 7f84fb105a00                              Options.db_log_dir: 
2025/07/12-17:19:52.280155 7f84fb105a00                                 Options.wal_dir: /opt/apache-doris/be/storage/stream_load
2025/07/12-17:19:52.280155 7f84fb105a00                Options.table_cache_numshardbits: 6
2025/07/12-17:19:52.280156 7f84fb105a00                      Options.max_subcompactions: 1
2025/07/12-17:19:52.280156 7f84fb105a00                  Options.max_background_flushes: -1
2025/07/12-17:19:52.280157 7f84fb105a00                         Options.WAL_ttl_seconds: 0
2025/07/12-17:19:52.280158 7f84fb105a00                       Options.WAL_size_limit_MB: 0
2025/07/12-17:19:52.280159 7f84fb105a00             Options.manifest_preallocation_size: 4194304
2025/07/12-17:19:52.280159 7f84fb105a00                     Options.is_fd_close_on_exec: 1
2025/07/12-17:19:52.280160 7f84fb105a00                   Options.advise_random_on_open: 1
2025/07/12-17:19:52.280161 7f84fb105a00                    Options.db_write_buffer_size: 0
2025/07/12-17:19:52.280161 7f84fb105a00                    Options.write_buffer_manager: 0x7f84d521f0d0
2025/07/12-17:19:52.280162 7f84fb105a00         Options.access_hint_on_compaction_start: 1
2025/07/12-17:19:52.280163 7f84fb105a00  Options.new_table_reader_for_compaction_inputs: 0
2025/07/12-17:19:52.280163 7f84fb105a00           Options.random_access_max_buffer_size: 1048576
2025/07/12-17:19:52.280164 7f84fb105a00                      Options.use_adaptive_mutex: 0
2025/07/12-17:19:52.280164 7f84fb105a00                            Options.rate_limiter: (nil)
2025/07/12-17:19:52.280165 7f84fb105a00     Options.sst_file_manager.rate_bytes_per_sec: 0
2025/07/12-17:19:52.280165 7f84fb105a00                       Options.wal_recovery_mode: 2
2025/07/12-17:19:52.280166 7f84fb105a00                  Options.enable_thread_tracking: 0
2025/07/12-17:19:52.280179 7f84fb105a00                  Options.enable_pipelined_write: 0
2025/07/12-17:19:52.280180 7f84fb105a00         Options.allow_concurrent_memtable_write: 1
2025/07/12-17:19:52.280180 7f84fb105a00      Options.enable_write_thread_adaptive_yield: 1
2025/07/12-17:19:52.280181 7f84fb105a00             Options.write_thread_max_yield_usec: 100
2025/07/12-17:19:52.280182 7f84fb105a00            Options.write_thread_slow_yield_usec: 3
2025/07/12-17:19:52.280183 7f84fb105a00                               Options.row_cache: None
2025/07/12-17:19:52.280183 7f84fb105a00                              Options.wal_filter: None
2025/07/12-17:19:52.280184 7f84fb105a00             Options.avoid_flush_during_recovery: 0
2025/07/12-17:19:52.280185 7f84fb105a00             Options.allow_ingest_behind: 0
2025/07/12-17:19:52.280185 7f84fb105a00             Options.preserve_deletes: 0
2025/07/12-17:19:52.280186 7f84fb105a00             Options.two_write_queues: 0
2025/07/12-17:19:52.280187 7f84fb105a00             Options.manual_wal_flush: 0
2025/07/12-17:19:52.280187 7f84fb105a00             Options.max_background_jobs: 16
2025/07/12-17:19:52.280188 7f84fb105a00             Options.max_background_compactions: -1
2025/07/12-17:19:52.280189 7f84fb105a00             Options.avoid_flush_during_shutdown: 0
2025/07/12-17:19:52.280189 7f84fb105a00           Options.writable_file_max_buffer_size: 1048576
2025/07/12-17:19:52.280190 7f84fb105a00             Options.delayed_write_rate : 16777216
2025/07/12-17:19:52.280191 7f84fb105a00             Options.max_total_wal_size: 0
2025/07/12-17:19:52.280191 7f84fb105a00             Options.delete_obsolete_files_period_micros: 21600000000
2025/07/12-17:19:52.280192 7f84fb105a00                   Options.stats_dump_period_sec: 600
2025/07/12-17:19:52.280193 7f84fb105a00                          Options.max_open_files: -1
2025/07/12-17:19:52.280193 7f84fb105a00                          Options.bytes_per_sync: 0
2025/07/12-17:19:52.280194 7f84fb105a00                      Options.wal_bytes_per_sync: 0
2025/07/12-17:19:52.280195 7f84fb105a00       Options.compaction_readahead_size: 0
2025/07/12-17:19:52.280195 7f84fb105a00 Compression algorithms supported:
2025/07/12-17:19:52.280196 7f84fb105a00 	kZSTD supported: 1
2025/07/12-17:19:52.280197 7f84fb105a00 	kXpressCompression supported: 0
2025/07/12-17:19:52.280198 7f84fb105a00 	kBZip2Compression supported: 1
2025/07/12-17:19:52.280199 7f84fb105a00 	kZSTDNotFinalCompression supported: 1
2025/07/12-17:19:52.280200 7f84fb105a00 	kLZ4Compression supported: 1
2025/07/12-17:19:52.280200 7f84fb105a00 	kZlibCompression supported: 1
2025/07/12-17:19:52.280201 7f84fb105a00 	kLZ4HCCompression supported: 1
2025/07/12-17:19:52.280201 7f84fb105a00 	kSnappyCompression supported: 1
2025/07/12-17:19:52.280203 7f84fb105a00 Fast CRC32 supported: Not supported on x86
2025/07/12-17:19:52.280260 7f84fb105a00 [db/db_impl_open.cc:222] Creating manifest 1 
2025/07/12-17:19:52.290749 7f84fb105a00 [db/version_set.cc:3084] Recovering from manifest file: MANIFEST-000001
2025/07/12-17:19:52.290841 7f84fb105a00 [db/column_family.cc:473] --------------- Options for column family [default]:
2025/07/12-17:19:52.290846 7f84fb105a00               Options.comparator: leveldb.BytewiseComparator
2025/07/12-17:19:52.290848 7f84fb105a00           Options.merge_operator: None
2025/07/12-17:19:52.290850 7f84fb105a00        Options.compaction_filter: None
2025/07/12-17:19:52.290852 7f84fb105a00        Options.compaction_filter_factory: TtlCompactionFilterFactory
2025/07/12-17:19:52.290854 7f84fb105a00         Options.memtable_factory: SkipListFactory
2025/07/12-17:19:52.290855 7f84fb105a00            Options.table_factory: BlockBasedTable
2025/07/12-17:19:52.290907 7f84fb105a00            table_factory options:   flush_block_policy_factory: FlushBlockBySizePolicyFactory (0x7f84d5220348)
  cache_index_and_filter_blocks: 0
  cache_index_and_filter_blocks_with_high_priority: 0
  pin_l0_filter_and_index_blocks_in_cache: 0
  index_type: 0
  hash_index_allow_collision: 1
  checksum: 1
  no_block_cache: 0
  block_cache: 0x7f848b480a10
  block_cache_name: LRUCache
  block_cache_options:
    capacity : 8388608
    num_shard_bits : 4
    strict_capacity_limit : 0
    high_pri_pool_ratio: 0.000
  block_cache_compressed: (nil)
  persistent_cache: (nil)
  block_size: 4096
  block_size_deviation: 10
  block_restart_interval: 16
  index_block_restart_interval: 1
  metadata_block_size: 4096
  partition_filters: 0
  use_delta_encoding: 1
  filter_policy: nullptr
  whole_key_filtering: 1
  verify_compression: 0
  read_amp_bytes_per_bit: 0
  format_version: 2
  enable_index_compression: 1
  block_align: 0
2025/07/12-17:19:52.291003 7f84fb105a00        Options.write_buffer_size: 67108864
2025/07/12-17:19:52.291007 7f84fb105a00  Options.max_write_buffer_number: 2
2025/07/12-17:19:52.291010 7f84fb105a00          Options.compression: Snappy
2025/07/12-17:19:52.291011 7f84fb105a00                  Options.bottommost_compression: Disabled
2025/07/12-17:19:52.291013 7f84fb105a00       Options.prefix_extractor: nullptr
2025/07/12-17:19:52.291014 7f84fb105a00   Options.memtable_insert_with_hint_prefix_extractor: nullptr
2025/07/12-17:19:52.291015 7f84fb105a00             Options.num_levels: 7
2025/07/12-17:19:52.291016 7f84fb105a00        Options.min_write_buffer_number_to_merge: 1
2025/07/12-17:19:52.291018 7f84fb105a00     Options.max_write_buffer_number_to_maintain: 0
2025/07/12-17:19:52.291019 7f84fb105a00            Options.compression_opts.window_bits: -14
2025/07/12-17:19:52.291020 7f84fb105a00                  Options.compression_opts.level: -1
2025/07/12-17:19:52.291021 7f84fb105a00               Options.compression_opts.strategy: 0
2025/07/12-17:19:52.291022 7f84fb105a00         Options.compression_opts.max_dict_bytes: 0
2025/07/12-17:19:52.291023 7f84fb105a00         Options.compression_opts.zstd_max_train_bytes: 0
2025/07/12-17:19:52.291024 7f84fb105a00      Options.level0_file_num_compaction_trigger: 4
2025/07/12-17:19:52.291025 7f84fb105a00          Options.level0_slowdown_writes_trigger: 20
2025/07/12-17:19:52.291026 7f84fb105a00              Options.level0_stop_writes_trigger: 36
2025/07/12-17:19:52.291027 7f84fb105a00                   Options.target_file_size_base: 67108864
2025/07/12-17:19:52.291028 7f84fb105a00             Options.target_file_size_multiplier: 1
2025/07/12-17:19:52.291029 7f84fb105a00                Options.max_bytes_for_level_base: 268435456
2025/07/12-17:19:52.291030 7f84fb105a00 Options.level_compaction_dynamic_level_bytes: 0
2025/07/12-17:19:52.291030 7f84fb105a00          Options.max_bytes_for_level_multiplier: 10.000000
2025/07/12-17:19:52.291034 7f84fb105a00 Options.max_bytes_for_level_multiplier_addtl[0]: 1
2025/07/12-17:19:52.291035 7f84fb105a00 Options.max_bytes_for_level_multiplier_addtl[1]: 1
2025/07/12-17:19:52.291036 7f84fb105a00 Options.max_bytes_for_level_multiplier_addtl[2]: 1
2025/07/12-17:19:52.291037 7f84fb105a00 Options.max_bytes_for_level_multiplier_addtl[3]: 1
2025/07/12-17:19:52.291038 7f84fb105a00 Options.max_bytes_for_level_multiplier_addtl[4]: 1
2025/07/12-17:19:52.291039 7f84fb105a00 Options.max_bytes_for_level_multiplier_addtl[5]: 1
2025/07/12-17:19:52.291039 7f84fb105a00 Options.max_bytes_for_level_multiplier_addtl[6]: 1
2025/07/12-17:19:52.291040 7f84fb105a00       Options.max_sequential_skip_in_iterations: 8
2025/07/12-17:19:52.291041 7f84fb105a00                    Options.max_compaction_bytes: 1677721600
2025/07/12-17:19:52.291042 7f84fb105a00                        Options.arena_block_size: 8388608
2025/07/12-17:19:52.291043 7f84fb105a00   Options.soft_pending_compaction_bytes_limit: 68719476736
2025/07/12-17:19:52.291044 7f84fb105a00   Options.hard_pending_compaction_bytes_limit: 274877906944
2025/07/12-17:19:52.291046 7f84fb105a00       Options.rate_limit_delay_max_milliseconds: 100
2025/07/12-17:19:52.291047 7f84fb105a00                Options.disable_auto_compactions: 0
2025/07/12-17:19:52.291049 7f84fb105a00                        Options.compaction_style: kCompactionStyleLevel
2025/07/12-17:19:52.291051 7f84fb105a00                          Options.compaction_pri: kByCompensatedSize
2025/07/12-17:19:52.291073 7f84fb105a00 Options.compaction_options_universal.size_ratio: 1
2025/07/12-17:19:52.291075 7f84fb105a00 Options.compaction_options_universal.min_merge_width: 2
2025/07/12-17:19:52.291076 7f84fb105a00 Options.compaction_options_universal.max_merge_width: 4294967295
2025/07/12-17:19:52.291077 7f84fb105a00 Options.compaction_options_universal.max_size_amplification_percent: 200
2025/07/12-17:19:52.291078 7f84fb105a00 Options.compaction_options_universal.compression_size_percent: -1
2025/07/12-17:19:52.291080 7f84fb105a00 Options.compaction_options_universal.stop_style: kCompactionStopStyleTotalSize
2025/07/12-17:19:52.291081 7f84fb105a00 Options.compaction_options_fifo.max_table_files_size: 1073741824
2025/07/12-17:19:52.291082 7f84fb105a00 Options.compaction_options_fifo.allow_compaction: 0
2025/07/12-17:19:52.291083 7f84fb105a00 Options.compaction_options_fifo.ttl: 0
2025/07/12-17:19:52.291084 7f84fb105a00                   Options.table_properties_collectors: 
2025/07/12-17:19:52.291085 7f84fb105a00                   Options.inplace_update_support: 0
2025/07/12-17:19:52.291085 7f84fb105a00                 Options.inplace_update_num_locks: 10000
2025/07/12-17:19:52.291086 7f84fb105a00               Options.memtable_prefix_bloom_size_ratio: 0.000000
2025/07/12-17:19:52.291088 7f84fb105a00   Options.memtable_huge_page_size: 0
2025/07/12-17:19:52.291089 7f84fb105a00                           Options.bloom_locality: 0
2025/07/12-17:19:52.291090 7f84fb105a00                    Options.max_successive_merges: 0
2025/07/12-17:19:52.291091 7f84fb105a00                Options.optimize_filters_for_hits: 0
2025/07/12-17:19:52.291092 7f84fb105a00                Options.paranoid_file_checks: 0
2025/07/12-17:19:52.291093 7f84fb105a00                Options.force_consistency_checks: 0
2025/07/12-17:19:52.291094 7f84fb105a00                Options.report_bg_io_stats: 0
2025/07/12-17:19:52.291094 7f84fb105a00                               Options.ttl: 0
2025/07/12-17:19:52.293604 7f84fb105a00 [db/version_set.cc:3350] Recovered from manifest file:/opt/apache-doris/be/storage/stream_load/MANIFEST-000001 succeeded,manifest_file_number is 1, next_file_number is 3, last_sequence is 0, log_number is 0,prev_log_number is 0,max_column_family is 0,min_log_number_to_keep is 0
2025/07/12-17:19:52.293614 7f84fb105a00 [db/version_set.cc:3367] Column family [default] (ID 0), log number is 0
2025/07/12-17:19:52.299691 7f84fb105a00 [db/db_impl_open.cc:1219] DB pointer 0x7f84cd385000
